0    0.00
1    0.00
2    0.00
3    0.00
4    0.00
5    0.00
6    16.44
7    24.28
8    38.12
9    50.04
10   50.85
11   59.44
12   63.21
13   72.81
14   78.67
15   86.22
16   103.85
17   126.28
18   143.54
19   145.25
20   154.85
21   185.71
22   190.94
23   207.87
24   217.67
25   255.09
26   266.25
27   271.66
28   286.10
29   291.69
30   313.53
31   328.57
32   334.88
33   341.72
34   355.07
35   364.64
36   390.49
37   401.89
38   434.73
39   437.53
40   442.79
41   462.25
42   476.35
43   513.51
44   515.94
45   533.64
46   534.01
47   537.79
48   539.84
49   545.54
50   546.56
51   582.13
52   585.97
53   590.46
54   591.56
55   651.21
56   653.65
57   655.08
58   656.45
59   672.98
60   673.51
61   699.92
62   700.58
63   757.63
64   758.12
65   768.98
66   772.73
67   785.49
68   786.40
69   793.19
70   795.07
71   846.30
72   848.57
73   856.92
74   857.12
75   860.76
76   861.39
77   884.33
78   884.66
79   913.04
80   913.12
81   915.78
82   917.02
83   930.98
84   931.05
85   985.10
86   985.75
87   988.82
88   991.53
89   997.71
90   997.72
91   1006.80
92   1006.82
93   1043.60
94   1046.79
95   1082.41
96   1083.15
97   1109.61
98   1111.46
99   1138.70
100  1139.32
101  1150.02
102  1150.20
103  1177.03
104  1177.31
105  1207.35
106  1208.89
107  1250.14
108  1251.02
109  1272.13
110  1274.26
111  1328.86
112  1329.05
113  1331.06
114  1333.06
115  1370.02
116  1370.03
117  1399.87
118  1404.39
119  1405.65
120  1407.81
121  1419.82
122  1419.86
123  1484.79
124  1485.36
125  1493.68
126  1494.39
127  1513.17
128  1516.38
129  1550.79
130  1555.42
131  1581.94
132  1583.09
133  1609.49
134  1613.74
135  1646.29
136  1647.85
137  1650.91
138  1650.93
139  1668.32
140  1668.92
141  1670.59
142  1673.75
143  3180.80
144  3180.98
145  3205.85
146  3205.86
147  3212.90
148  3212.93
149  3218.57
150  3218.58
151  3221.82
152  3221.84
153  3229.56
154  3229.61
155  3234.67
156  3234.67
157  3238.25
158  3238.26