0        0.0000000000000000
1        0.0000000000000000
2        0.0000000000000000
3        0.0000000000000000
4        0.0000000000000000
5        0.0000000000000000
6       14.6363826660841259
7       17.7025302166019110
8       27.7276676405888409
9       42.2814962983410325
10       44.7159640630151145
11       56.1591861012805680
12       57.4788522395882779
13       67.3138169435014220
14       71.5448229985533004
15       78.6001590053584067
16       89.7079214949832533
17      101.0013113270149461
18      101.8512433851130794
19      125.6951320106916796
20      132.0341462803493187
21      144.4353905730721408
22      150.0816048532104787
23      158.6094704087291518
24      170.8354340238873590
25      180.1256161038461130
26      204.7691988882948522
27      241.3902504465010850
28      248.5082944391492674
29      263.0101032223427637
30      267.5258800746728980
31      267.9737326120072680
32      272.9089755557190529
33      294.5749530887951551
34      294.9131868625747757
35      313.7388742500849617
36      332.4885430699512199
37      363.5681845191944035
38      368.2366765988276143
39      384.3437658881554171
40      387.5036511155594212
41      424.7843857726216470
42      432.4450304712877937
43      469.9531154242551452
44      472.2164281667477894
45      495.1663050953362131
46      503.7554397952662271
47      518.1479327799355588
48      520.4623415329924683
49      520.4963161669683132
50      522.7697210799245795
51      563.7539640486679673
52      564.1418528580679776
53      567.7896284947015602
54      568.5912273076689871
55      624.5619224141786390
56      631.8202484816461038
57      645.1692827507296215
58      646.6470940568044625
59      658.9277448819937035
60      659.0064243899704479
61      693.1935953641179822
62      694.9077341000180468
63      759.0162487344231295
64      759.3416477790054842
65      766.1717451972057233
66      768.0472479723043762
67      788.9245974848324749
68      789.0952225353265703
69      799.8617593425899486
70      800.5969944946990609
71      837.9230957689824209
72      839.7362332664058613
73      856.0860157910476573
74      856.4445823022042532
75      867.2412951060115347
76      867.5330981992927946
77      904.8501413132449898
78      905.1307518250052908
79      911.9812516483766558
80      915.3117273077996288
81      930.4279990969258733
82      930.4416311462200611
83      952.0147592058744976
84      952.3403217296746561
85      984.2915926665509687
86      987.2765287218052208
87      994.1439545278424248
88      994.6582292824118667
89     1000.5627749386893584
90     1000.5805715146898365
91     1016.0381972203441592
92     1016.0858262499453986
93     1028.8738514867072809
94     1031.8675420679494437
95     1083.0431321109699638
96     1083.2682635500675588
97     1110.1545408355984819
98     1112.1272559126168744
99     1136.1228057479929703
100     1136.4625185107840935
101     1148.8160718081323921
102     1149.4300432126144642
103     1176.1880995238661853
104     1176.8706827589264776
105     1202.3309888638955272
106     1205.3472601066664538
107     1253.1768369486426309
108     1255.3953845964508673
109     1270.7476109134975104
110     1275.6654742482253369
111     1331.1917467088560443
112     1335.0852833938258755
113     1338.1248436710441183
114     1338.2875556404355848
115     1359.7405590315929658
116     1362.6309530278017519
117     1396.0280963740885909
118     1404.4510195451632626
119     1404.6187554097039083
120     1407.6106601878416313
121     1416.5130279103343582
122     1417.0396593492473585
123     1481.2100327315160939
124     1481.6961673094072012
125     1493.2706188816407575
126     1493.3371266899325747
127     1511.4597537779986851
128     1514.9451069732506312
129     1538.0856720502786175
130     1550.2928969248030171
131     1584.5870422989519284
132     1585.5735447958415989
133     1619.5283883871497892
134     1621.1080130720392845
135     1646.4034160156527378
136     1648.0132224704204873
137     1660.3536045584996828
138     1661.5343664535218977
139     1666.8009224481236288
140     1668.2109732925678145
141     1682.0310965981223035
142     1682.5220059425873842
143     3130.0717454980454022
144     3130.1121529289539467
145     3197.5615771035249963
146     3197.6409907739357550
147     3204.3294284144549238
148     3204.3733851859806236
149     3217.1907856229313438
150     3217.2083971840561389
151     3217.4604417434356947
152     3217.4735804482388630
153     3226.0778490712946223
154     3226.1052269928263740
155     3231.0308892954412840
156     3231.0746718400259851
157     3236.9050723647033010
158     3236.9232101069383134