0    0.00
1    0.00
2    0.00
3    0.00
4    0.00
5    0.00
6    14.00
7    17.51
8    27.30
9    43.16
10   45.87
11   55.95
12   57.47
13   68.26
14   72.40
15   78.54
16   89.63
17   100.69
18   101.78
19   125.95
20   132.21
21   144.32
22   150.08
23   158.56
24   170.67
25   180.17
26   205.15
27   241.55
28   248.66
29   262.59
30   267.50
31   267.80
32   272.68
33   294.34
34   294.69
35   313.82
36   332.42
37   363.39
38   367.98
39   384.54
40   387.62
41   424.85
42   432.57
43   469.89
44   472.06
45   495.53
46   503.85
47   518.25
48   520.29
49   520.52
50   522.61
51   563.68
52   564.00
53   567.77
54   568.64
55   624.61
56   631.79
57   645.13
58   646.66
59   659.01
60   659.07
61   693.23
62   694.93
63   758.92
64   759.23
65   766.31
66   768.22
67   789.10
68   789.27
69   799.72
70   800.45
71   838.09
72   839.89
73   856.22
74   856.59
75   867.57
76   867.86
77   905.16
78   905.45
79   912.18
80   915.49
81   930.81
82   930.82
83   952.21
84   952.54
85   984.48
86   987.44
87   994.59
88   995.12
89   1000.98
90   1000.99
91   1016.20
92   1016.24
93   1028.91
94   1031.91
95   1082.99
96   1083.21
97   1110.47
98   1112.43
99   1136.17
100  1136.51
101  1149.03
102  1149.64
103  1176.25
104  1176.92
105  1202.58
106  1205.57
107  1253.17
108  1255.41
109  1271.11
110  1275.96
111  1331.48
112  1335.33
113  1338.53
114  1338.66
115  1359.97
116  1362.88
117  1396.11
118  1404.52
119  1404.63
120  1407.63
121  1416.79
122  1417.34
123  1481.35
124  1481.81
125  1493.51
126  1493.57
127  1511.78
128  1515.19
129  1538.11
130  1550.35
131  1584.65
132  1585.61
133  1619.61
134  1621.17
135  1646.37
136  1647.97
137  1660.47
138  1661.66
139  1666.93
140  1668.33
141  1682.32
142  1682.84
143  3130.34
144  3130.37
145  3198.16
146  3198.22
147  3204.37
148  3204.40
149  3217.17
150  3217.18
151  3217.84
152  3217.86
153  3226.54
154  3226.54
155  3231.01
156  3231.03
157  3237.10
158  3237.10