0        0.0000000000000000
1        0.0000000000000000
2        0.0000000000000000
3        0.0000000000000000
4        0.0000000000000000
5        0.0000000000000000
6       16.8008357183741879
7       24.6157496320103455
8       38.3474520862819688
9       49.8690307427988486
10       50.7749194545782885
11       59.3167058175426476
12       63.2694306659858512
13       72.6129095146180816
14       78.6700744401010610
15       86.3590043766267144
16      103.8879591186838951
17      126.6427360022183706
18      143.4428170646588114
19      145.5744398088351659
20      155.2096069717180171
21      185.6918638335053231
22      191.1668926672933821
23      207.9519473099932156
24      217.8226497145641645
25      254.8094206318828299
26      265.9297902659582178
27      271.6714713520931923
28      286.3652112080494589
29      291.6218667627738341
30      313.7798932133668472
31      328.8718475053078123
32      334.9294767248754852
33      342.0194047623194251
34      355.0045838782303917
35      364.6358658484192006
36      390.4719847675752931
37      401.7471589570451442
38      434.9307112305377814
39      437.7027710797779605
40      442.7025410098946736
41      462.4176941453896461
42      476.5507595039773037
43      513.7003078033794736
44      516.0351492087446559
45      533.4120543176198908
46      533.9282703123343481
47      537.8784278590320582
48      539.9908273308482194
49      545.4380994861750196
50      546.3122117414130798
51      582.2034360241594868
52      585.9898260043676146
53      590.5055256631661678
54      591.6098668516267480
55      651.1838820247306785
56      653.6212913222607312
57      654.9933336710456615
58      656.3918198451711987
59      672.9724777635054807
60      673.4777530680239579
61      699.8670890782889273
62      700.4899070405207340
63      757.9001600357405550
64      758.4026502902480615
65      769.2029582370590788
66      772.9433421412254575
67      785.6243292831211420
68      786.4661137277262242
69      793.4146257765452219
70      795.3141491684976927
71      846.1843803143034393
72      848.4510628507249521
73      856.8343000304803354
74      857.0345682517879595
75      860.9093471688181580
76      861.5634643517515769
77      884.3743985692101433
78      884.7193110080985434
79      913.1491583433619326
80      913.2345805799390064
81      915.7816508053434745
82      917.0011289100731346
83      930.8986885748420264
84      930.9689314730150045
85      985.2749297612959936
86      985.9326128936121449
87      988.6232096571319516
88      991.2997277079064133
89      997.8700658736022433
90      997.8857198615381776
91     1006.9284052430058409
92     1006.9660795571825247
93     1043.5980434759592299
94     1046.7760663763936009
95     1082.3508697110023604
96     1083.0893081888152665
97     1109.3991323746663511
98     1111.2472049605491975
99     1138.7318715006836101
100     1139.3550677723717399
101     1149.9397520151073877
102     1150.1264365432168688
103     1177.0363303534070383
104     1177.3224949584939623
105     1207.1342468194172852
106     1208.6665825581344507
107     1249.9408489192985598
108     1250.8238885582004514
109     1271.9653747534166541
110     1274.0679034020226936
111     1328.9720203902161302
112     1329.0682401213191497
113     1331.2171007462407033
114     1333.0700919764815353
115     1369.7406767194618169
116     1369.8122562214698519
117     1399.6863699198800077
118     1404.1423554086823060
119     1405.4121665060231408
120     1407.6263190633558224
121     1419.5632931285424547
122     1419.5894992489256765
123     1484.6990153320282388
124     1485.2918700422389975
125     1493.6846141357880242
126     1494.4286655748669546
127     1513.1753784979403008
128     1516.3732319878013186
129     1550.7853882513575172
130     1555.4454686512633543
131     1581.8759869870345938
132     1583.0203277916293700
133     1609.4815528935191651
134     1613.7309722379050072
135     1646.4279577095851437
136     1647.9565866341852143
137     1650.9021092799782764
138     1650.9844398205086691
139     1668.2873525820655232
140     1668.8955494954966525
141     1670.5235206892409678
142     1673.6820451284270348
143     3180.4805928446257894
144     3180.5516720780569813
145     3205.4656943680734003
146     3205.5233689165070246
147     3212.1439859515839998
148     3212.2879953129481692
149     3218.1261919183511964
150     3218.3380537715547689
151     3221.6856279031612758
152     3221.7792910371490507
153     3229.7920988534488060
154     3229.9387902952562399
155     3233.9781233494941262
156     3234.1920336230468820
157     3238.2494303353187206
158     3238.2688997974446465