 C     12.01100     -5.520264845720    -1.115707479413     0.897605357711
 C     12.01100      5.520452518574    -1.115723577676    -0.897303843581
 C     12.01100     -4.717428065189    -2.832744402920    -1.052293345657
 C     12.01100      4.717889260456    -2.832871384362     1.052539744557
 C     12.01100     -6.606891583710    -4.394353536396    -2.145371212533
 C     12.01100      6.607390344081    -4.394770037602     2.145057663476
 H      1.00800     -6.034676638152    -5.702671048362    -3.610513207819
 H      1.00800      6.035355292474    -5.703243699406     3.610128208214
 C     12.01100     -9.066360064720    -4.254075940367    -1.367474199670
 C     12.01100      9.066728222324    -4.254628795559     1.366661179528
 H      1.00800    -10.511265866955    -5.441454535473    -2.193507432040
 H      1.00800     10.511683451023    -5.442288278089     2.192214608511
 C     12.01100     -9.770578178244    -2.550150813499     0.537008619724
 C     12.01100      9.770715542304    -2.550563288206    -0.537744580628
 C     12.01100     -8.020310169408    -0.994075397066     1.671451991949
 C     12.01100      8.020340638195    -0.994159763824    -1.671623622263
 N     14.00700    -12.378556223629    -2.409089787803     1.327755332438
 N     14.00700     12.378519201596    -2.409668247301    -1.329083667815
 O     15.99900     -2.416219571234    -2.903288706253    -1.747879105684
 O     15.99900      2.416744722791    -2.903297471670     1.748496268000
 O     15.99900    -13.888079551984    -3.808782207744     0.304531482779
 O     15.99900     13.888086558489    -3.809858819272    -0.306655649681
 O     15.99900    -12.928247729108    -0.893379703175     2.972383430461
 O     15.99900     12.927953998234    -0.893763939771    -2.973651371779
 N     14.00700     -3.564693824940     0.330596326795     1.821477061978
 N     14.00700      3.564735878326     0.330650146953    -1.820781402117
 H      1.00800     -8.649557134583     0.282766099379     3.140249066382
 H      1.00800      8.649412269810     0.282821974285    -3.140385031032
 C     12.01100     -3.655291153411     2.031063880783     3.536851991090
 C     12.01100      3.655056986834     2.030838091497    -3.536441828175
 H      1.00800     -5.377071945919     2.549964151628     4.541848489297
 C     12.01100     -1.310384408628     3.291486455883     4.191970491532
 C     12.01100      1.310046939264     3.291108840358    -4.191443794614
 H      1.00800      5.376641385352     2.549464552762    -4.541919460723
 N     14.00700      0.741387328905     2.577206192449     2.876254138590
 C     12.01100     -1.181804924987     5.094014086095     6.099820375343
 C     12.01100      1.181227147302     5.093277810341    -6.099625154786
 N     14.00700     -0.741599888669     2.576856952799    -2.875508194828
 C     12.01100      2.955085757498     3.593295877611     3.458276208785
 H      1.00800     -2.881312278661     5.626521498741     7.109401298976
 C     12.01100      1.133402062841     6.155165171408     6.683444521954
 H      1.00800      2.880649251831     5.625718623776    -7.109394845466
 C     12.01100     -1.134093225637     6.154099585433    -6.683384268274
 C     12.01100     -2.955402360777     3.592657946625    -3.457669967266
 H      1.00800      4.565823766006     2.942241245285     2.371070162337
 C     12.01100      3.249950073085     5.383762691732     5.348576630598
 H      1.00800      1.287843102082     7.556621529536     8.167726618197
 C     12.01100     -3.250503942796     5.382767012137    -5.348272220948
 H      1.00800     -1.288716667155     7.555250245205    -8.167932773460
 H      1.00800     -4.566072050899     2.941572288416    -2.370400223201
 H      1.00800      5.104212185344     6.145690387923     5.751937690401
 H      1.00800     -5.104864181243     6.144415297879    -5.751727712650
 Fe    55.85000      0.000239285754    -0.441112578978     0.000655619575
